0.0,-32547.121791838552,-8140.326312663967,8149.653479463362,78719.58927953453,-50352.24542098485,-88597.61691434262,-27071.91642416432,6300.97284842772,-516.2522094643937,-11853.256305141796,27336.57211593294,62861.39194680279,-64848.74622054352,36355.0696632404,-81217.430860069,-55518.034410413406,14172.407477201135,-282694.70510047185,-29891.88291425095,-76094.61517804198,14477.098241566851,-76904.74795853547,-58812.321478175465,39661.799228989046,-4133.585064589152,-23355.85134656052,29204.25793205849,-45478.25854991171,129285.91234912572,-96150.90265097588,67251.37533432001,2451.2791391860774,154222.46021633007,-8987.279463776484,17555.630552965587,-915.7207720479344,-69864.61097093603,-36851.160141032335,9045.124814865589,62513.81544744561,35203.85822354193,10029.6008522122,-31765.125318165807,268843.6278749616,-99801.75789278328,-149948.1962274945,77459.39806417003,-107975.21314595907,21948.08902450191,13986.264419821324,-5813.257452533893,-14551.22554220786,25018.31357160391,-11367.782551617333,-1553.199046788839,-31903.941686213788,-22713.969310370565,2232.488982558163,110263.14569542848,-5.008545235923211,120022.50442827586,-488.3741156497272,91316.57352750243,-43244.74283820545,-5.008545237937756,30806.77418948,-12157.947956378484,-1577.39489974179,-23461.13156003499,-57242.55008705886,45252.752957823686,-43.56543351066375,-2995.173303595715,-5.0085452374802895,16065.706304576292,-5.008545236935601,26392.60369717389,-1696.0696581978991,-5.008545231284246,26089.025281720227,-137468.76634375367,97142.68766947392,-3516.7849703418906,28579.44126612448,-27869.15838582633,39973.279309156
-32547.121791838552,0.0,23428.00104919914,-21887.68171633444,2231.943760859256,2243.1776989976497,-32641.148342002707,10919.514372644247,1787.7699892533983,1076.8132474750164,-3378.467604572397,7522.739801307062,9627.829865860898,-10578.74312241288,5895.881155951662,-7571.004481060691,-5671.893559517717,1674.9279870956525,24980.299832368382,11339.631419944284,-4635.185040377778,-5074.227138122151,-9998.339764224247,-8440.468151282927,1720.6605136505968,-114.1911008245588,5279.344516396086,5518.617904184604,-6137.330229294894,11668.034910421307,-14774.244546097876,12352.690648342235,-177.03848531209496,34177.57160410025,-655.6124340573806,3151.9511960871823,-9509.137417831807,-8210.706374050422,-3610.6110553633766,-1904.3916457626617,9593.55298740669,-12021.592946904362,2017.7965089997888,-4358.517860303793,37675.43976722006,-20698.87837479709,-12193.15662223572,14040.11668887752,-9238.844465978473,-726.3945810107398,5963.225698550115,-2946.0063892549224,-1916.6814276492803,5140.085081071156,-152.06723621054698,-254.89748970203075,-3044.984640606235,4440.674322044564,2690.0168785537826,2550.3361673799222,-0.6185349028436171,-5267.389271223714,1.9424946527979043,274.5229860139807,-3468.938505435733,-0.618534901602585,-6074.080309390636,-198.1030564987232,769.4608562416107,-7484.7355025625875,-6023.571890693478,3293.326413136645,-28.16480940403767,154.36481455458124,-0.6185349010792356,2563.984670889173,-0.6185349030708451,-1683.0726523656704,247.03152192495327,-0.6185349022911666,1780.717861776444,-12080.114418535872,48050.958293206175,-142.59688531589927,753.7826825028604,4369.965696553903,7382.162607186619
-8140.326312663967,23428.00104919914,0.0,48199.78483857471,43221.48579485784,-5410.855128641881,170865.86081808433,34713.03937988845,2340.144952803792,-517.7100182348222,4587.307782202726,-15455.287755351865,-5377.975506755756,12760.766703746049,-5849.24901132111,-9614.58517301618,15021.507806946409,-18287.60083566513,112888.57810985668,3983.036511709448,-13196.87581468909,-27923.30328380782,-10747.61586928158,27323.08002341388,8024.648914240998,-17658.055085497326,-21675.62579513609,6356.7182865620125,-25553.401035420397,-30313.938419541635,-21056.3305764852,32988.80258707673,162.3619921143145,58573.224249340594,-3471.3025678942067,8201.834604556832,-26856.995432849973,22422.66593335959,17778.368763802107,9477.890432796305,-8388.599711022485,-77609.05841037765,1847.2967542962576,41292.598236882826,6722.508071641903,-52517.14438558044,-7789.658389440272,-19642.03873076173,-41458.97899618057,923.125664341962,17167.764607597375,-30956.6395042824,11376.25713191228,-10414.607863179932,-2233.6536064065585,2178.450422248163,-1768.9710032820003,42851.28694964212,-3240.7087440049,63686.97984796832,0.1359399059143626,-94316.9172294326,2488.566304063541,-65066.7400540355,-9684.663302873783,0.1359399098917286,-30127.7355322472,5200.359717579441,-26487.277301479524,-49744.12330304773,-5123.834368630836,-7456.5969772823155,2070.946893777869,1367.1489811403153,0.1359399070223048,-9886.743851361449,0.1359399066190682,5465.70776493344,2298.088097154028,0.135939912456422,12915.17139305544,-1440.4836921263486,-31241.86566587817,-19346.98628075397,-8124.940459674224,-23563.29959319857,-120436.57015336664
8149.653479463362,-21887.68171633444,48199.78483857471,0.0,-121470.2339367131,35252.522780873245,-172537.8730398095,45001.32514709205,3154.5666527697394,4444.391525807885,-4699.383403678722,-16441.862747231353,-44515.27055857673,36189.04677392548,-947.301948185166,62835.984750078846,16969.374739696326,-22225.77052046587,84522.76615888171,47448.45665341779,59542.79401149409,-13332.82428023708,72296.20991484755,20963.37845196304,-83090.92390956846,6156.091573644695,50659.00353026227,-22884.44254788271,29900.24612462778,100103.91245191584,23139.10715178543,-13147.485394877776,12496.38769157325,-128016.05342234275,-4267.512434358032,-18223.725470086043,56035.661456399714,-22296.779205078263,22788.54312728477,-7271.131303030115,2504.291658181849,53111.74760557494,-8904.40751366791,-9849.89838858957,-237901.03169310672,96925.54222978395,73539.07102241722,-63047.52307552058,61215.63026725625,-12400.03953437766,-38746.31851633694,-6199.679715473103,-27805.73089636368,-9897.731506515049,23206.88554769713,-766.9981163233095,8476.503957182606,-1589.631486582075,4749.927597936265,-187412.68705502007,1.2526471478227077,-16038.246757277724,10999.914970504027,-26425.359651129576,38318.72118369805,1.252647148544452,18661.04553172947,16184.820338227408,5625.481887960996,45221.983882030494,32110.739229790168,-19321.646877546096,1525.4364507147152,-3817.1167531025058,1.2526471418050829,2201.696936981616,1.2526471421382936,-5140.901041736215,-1543.9505042230217,1.2526471467924116,-29647.625625040244,33132.145239447564,-216078.5099909748,10670.00529476162,14386.859184798652,52298.408980575005,9798.325348409096
78719.58927953453,2231.943760859256,43221.48579485784,-121470.2339367131,0.0,12074.219766643204,-1908.6520773540249,19691.383831084702,-969.3036755821856,5630.142460910411,-2797.8269471134768,23637.69185368024,-3538.440973575751,29666.76495960384,7879.716052935983,-7340.090907214646,-29193.02089038665,-18620.08582942476,28206.26609143184,-15723.81279127288,47300.47986716357,-3814.5326571121695,16925.068468282916,31535.50535155239,-15249.45282643824,-2764.5925166963734,31591.76903783754,-1227.342366386176,17345.120989994248,-34766.24612302329,14144.842604746897,-47363.77817915042,1570.3422334812403,-13274.227996280995,4498.670924728031,-3883.336674481344,20757.410230195263,4269.125978918237,17378.547001012717,-2476.0977462080227,-12337.635056076906,28398.859813014104,-2472.7899960510117,-4133.016427961616,-36835.76345517836,37657.97838147952,38777.93176805624,-25908.288011453405,49287.91426407907,-4073.788685562118,6470.92403445323,12564.21633333348,-2763.7427925020747,-8130.661070182337,-6091.128860270656,23.935488638686365,1555.5647625791316,16857.246355955314,649.8955490225271,-51448.25793347857,2.6806217460843333,21554.42644617392,3305.9436819392067,-51979.42278706533,13649.054170878677,2.6806217493031648,-35052.97171517031,-3050.524609639353,-137.9029617713095,-14730.52312947993,9159.212663100248,-3869.929024794488,-573.8296213377142,10602.051492569852,2.680621750344156,-2948.149315775918,2.6806217493926283,-25035.09549602784,67.36314092463363,2.6806217467992752,-11710.936916065992,8881.214761965122,34412.2875348907,5330.764224520157,1474.574734297028,21118.546390428783,-68290.432414588
-50352.24542098485,2243.1776989976497,-5410.855128641881,35252.522780873245,12074.219766643204,0.0,63566.809063512446,-9890.089220779584,557.6700608913844,1082.4734489248349,398.05523023022215,2062.5936902463286,-10131.53189227784,-2779.042757437412,-1157.4209355923012,-3237.7220866899734,10534.66747556468,3545.4481584046766,-44135.68485349059,-5421.289929737512,-15623.739822253368,4238.774145935167,-5019.376313766039,7941.387797269162,2702.207281076865,479.32605736818,-2278.798187508713,4108.141251617428,-9136.673594734404,-2570.8220757171075,-5477.249285966209,20379.8072972385,360.75533782097926,-4370.422102553188,-3530.948879698043,2414.2125238721287,-4053.713429609285,4563.773689676149,-7180.288751308155,3675.5514620638296,8980.955302287726,1140.742912082369,-1127.7613112050456,4238.307883496152,36162.33253643333,-1884.4298864485168,-7317.893823944949,-9516.522383103307,-19434.80865173492,4870.258051242883,-3019.866240990006,1612.1763249802489,878.6157535444108,-3213.2246078704407,-3395.0952397671663,-1143.6000587827364,944.5908079177316,-10842.653488906764,-1533.1361109886395,15480.637596130427,-0.6922582690965005,-24995.17985182527,528.0589130585113,-741.910451213469,-1065.8799347405984,-0.6922582689924272,6388.155499009336,1184.4445247170006,-8537.159287246373,-2355.7688004537704,-11669.301436142652,673.1466849691133,335.76281625579924,-110.21150847185709,-0.6922582692672606,373.2196817744848,-0.6922582686001696,9713.68956007659,-479.4794746724848,-0.692258269144563,6434.650252181542,-8041.235385554227,-48890.803864460926,-4719.911503236821,6595.018655177228,-7364.542277737869,-12268.005727585798
-88597.61691434262,-32641.148342002707,170865.86081808433,-172537.8730398095,-1908.6520773540249,63566.809063512446,0.0,115058.04394748923,-3725.035990340202,-9857.007043891412,-23465.36447296728,13710.732158530853,67535.25378963567,-50549.374088517216,58053.38203378178,-8659.708625784668,5407.444121820386,43381.8037985522,126744.20711851932,120940.49891652816,14994.600682981543,-23762.62571374348,31244.857739922296,-41742.328495671216,-30376.01027659897,16978.796788464697,26808.05524180201,541.1624011495587,-1666.7491493501293,-52519.28020922272,-40448.900783819496,18921.57853722325,-5954.532512302738,52219.99453656701,6061.1300811079855,2758.4657937554293,-1314.640977537376,-78357.36559820324,8897.441900855978,2025.8099318799432,19804.21100693656,-32759.213057986228,8005.948165967478,-45468.5559684046,-909.1309310893994,-91531.40492981208,21887.97377851721,113987.68096394044,7800.8796056133,12200.849972155294,15792.198532204988,-33944.37802074057,-28169.168797273716,20212.30033478321,-11150.627968582732,8856.157679186828,-5973.771575924387,94938.98951141728,19049.010892920305,-166176.93769899127,-4.911241929673905,-27028.282466988545,-9509.256522552074,-49815.1756318727,28385.53595161213,-4.911241925961438,-24853.003270819983,4904.03246101897,40869.89599035752,57652.10341385786,20860.966198285925,5596.01673504588,1980.426919472776,1792.0160855995491,-4.911241928805296,-6138.244513325808,-4.91124192672314,-31632.385370968543,1869.135284967124,-4.911241930667625,-14250.73674469901,-58893.77453963136,231764.82696148264,-3310.696429961652,-18990.36909723835,73621.90633624092,166939.37269571447
-27071.91642416432,10919.514372644247,34713.03937988845,45001.32514709205,19691.383831084702,-9890.089220779584,115058.04394748923,0.0,877.0738824810905,-7938.776881378096,-4105.890727016216,24715.933403129748,10573.885134574608,-9784.852378932876,18699.03823305856,-50110.094220187806,-187.7939935059985,-3187.6773903119606,96473.5049458479,70455.74722146173,27599.442923924304,-12826.301050309004,-19087.62284730276,1467.3773869587455,28434.576129742258,-11887.386080302884,-2248.669340007473,13331.288822656308,-23854.74966432822,-49217.090716785024,-45169.42871634438,36389.90875201486,-6999.823702332324,107652.29571729118,-3678.8917617483376,14337.807462636352,-10291.87367598136,-6962.129239900503,-6181.290015913488,-13769.924782486843,10303.3367956188,-50379.732721373104,9421.119587213105,5450.167787999497,56771.53421910608,-65291.396423662365,54824.67023534945,42259.8342032067,-49679.41739152239,2255.2661029096344,26510.88819764936,-18688.490003811105,-87.81446078052977,13840.068757602305,-12499.392718193092,-1776.5740918093943,-5262.8134036079855,58301.80490293568,-5278.973015792049,78078.72287103998,-1.1983474444124642,-124007.2349798184,-3512.623087402797,-38268.878518287725,-21212.78048751964,-1.198347441634354,-32617.01452676741,5399.82858875784,-21364.458693477303,-21447.399026250376,-41140.95370173064,7355.58302203109,-908.1503577723624,2.867475180668407,-1.1983474415304955,-1531.519349610211,-1.198347441155512,14333.357765364926,-528.7859057766527,-1.1983474427080587,6841.085358326833,-50902.156549127394,65604.99614918488,9973.605493163572,15439.0773373071,2004.6526320208795,-696.0433669055928
6300.97284842772,1787.7699892533983,2340.144952803792,3154.5666527697394,-969.3036755821856,557.6700608913844,-3725.035990340202,877.0738824810905,0.0,767.9294455900125,1302.03386542494,-4305.605615153217,-1054.9301633326213,1606.3710237806451,-921.868981694498,682.5011321814727,212.31444212162023,-331.70393607399865,-1205.9277065157985,-6373.811324599265,-2682.665442114676,260.3385002691175,1255.3540988809118,2139.3695682760863,-2933.807004716772,-278.58067279596986,732.2889426905039,-1076.2182357755555,193.15828995096945,4047.0928614587847,1210.59208361562,738.9124188089181,220.1905768414151,-1606.973020520055,-775.3932661381644,-344.35941085386185,1153.1917889805516,827.9204223346603,1722.120703887265,-283.5129882770853,-622.2941749198646,1719.156372770737,78.15037220403201,1165.6242056126243,-8859.594523316846,3793.8776014919854,2028.2602691184184,-5350.003922352018,2565.035370083448,-360.4667608915916,-852.451699544519,550.581948065392,292.4827242616625,-1226.4095715182627,931.4989588600672,2.689822860013692,445.3352385743388,-13.535815702907712,-92.6188933498384,-3013.7758494386944,0.2004969369927672,-6725.944055620676,523.9739214474461,-402.86640328455314,205.19436130995857,0.2004969383533727,-288.7060834537763,-63.718095057399296,-1091.1196100086795,1300.2467054278725,681.8956278026858,-916.5964653847424,15.225394178893758,232.10646414405392,0.200496937564911,620.3074221775364,0.2004969335289945,230.6531372796605,69.28863398365917,0.2004969279669865,-763.0184550239006,4753.35027640099,-6910.635538145318,-241.45877762979487,-1201.2342821955144,-875.5538378524969,-8530.120676823044
-516.2522094643937,1076.8132474750164,-517.7100182348222,4444.391525807885,5630.142460910411,1082.4734489248349,-9857.007043891412,-7938.776881378096,767.9294455900125,0.0,1128.763453105512,-7406.086057969136,-1391.016563775138,-2906.0268219640566,2281.675645842726,4756.994599191716,-2027.727629293662,8352.983674152516,1571.8725978508007,-7898.708141525421,-4283.121206901908,1000.7173496296544,292.6892991674231,2705.4039432336904,-6531.9571201397775,3400.0412202753223,-2624.661505141965,-850.6979334318083,-1838.5782319944365,1674.6862938075792,-1335.077049147456,-1196.9412392506529,342.27407184820515,-1323.7422435284025,151.98836790401083,-532.01000772408,-5571.660544438106,-562.680795366854,-498.4938178762413,3646.3888478053054,-977.008925538673,2376.327402172152,-952.4069964169583,1133.6764118870688,-5385.182299204156,4724.618798333268,-8314.40702875619,8765.910414666752,-3004.316793367136,-3212.439204820843,-3117.8261027319395,55.62325334762318,-1777.364241191557,-1002.4954479862954,-1080.023794175581,-189.877339516208,731.9541384549574,-2701.1727094331363,626.0501529116177,-7685.675833223169,0.0622649684538113,18418.797696768463,-452.133543005335,2345.21886377333,-192.28894249643463,0.0622649681190101,4487.847305206697,1728.0750272167224,3047.6398404172646,1380.6021272585403,2124.921383475277,-295.3002276642092,183.7045544330736,-340.73276596086,0.0622649702587863,442.87094533759694,0.0622649671854986,-2118.566328067761,-14.8597326599438,0.0622649661208662,-2339.4492429143925,3527.223669200192,-4998.5326641482525,-1056.4518390957671,5553.4445063197245,-2878.385575183027,20688.138942301182
-11853.256305141796,-3378.467604572397,4587.307782202726,-4699.383403678722,-2797.8269471134768,398.05523023022215,-23465.36447296728,-4105.890727016216,1302.03386542494,1128.763453105512,0.0,-4155.154404042158,1900.7110170427404,-11175.70759879388,-2513.264845053337,-4063.9790246196353,-6312.085323737279,2002.637642435201,-25859.80545286916,-20936.49884981508,-18024.96580767339,2161.1561162266767,278.5114782337332,-615.9535568473875,86.46859005068109,1158.2409743937133,1052.9359264700545,566.1202363733901,-4060.8885048590855,30247.896727422827,-4624.269331585518,8265.938728689987,1678.5041527174012,20909.793235125217,1344.1789933001885,1346.21975542612,1524.0194005715748,-6996.489844467184,-4199.056610800053,982.7660627059576,7350.723065639042,5124.562921288267,1056.836830857872,-3560.2414843780134,7758.16751532245,8691.068770468744,-11070.665295124112,1404.9160021678545,-8594.852831721772,-817.9776159491813,702.5513716615969,1661.7109880899409,-3975.049096359925,2150.6995836187302,-1682.0450927554575,-2150.510766105963,-3877.847878176097,-5222.176880638523,1392.3840516307027,-4348.4782333443,-0.5688847394505336,4249.892626289657,297.7681702995578,11899.90420123015,-1514.632202438076,-0.568884737807974,727.7244670390138,641.4143902003925,4708.854021898891,-691.0554474950768,-7699.069031417219,3437.4438020625093,-85.71159986312881,-1281.549634303883,-0.5688847390771576,1308.333015725368,-0.5688847386526064,3165.9478413872184,-192.0776134043529,-0.5688847391696183,-679.6956706773326,2421.916724070986,4122.367942271753,616.3427671514291,8961.10765615596,-5804.117474006962,17171.64735748514
27336.57211593294,7522.739801307062,-15455.287755351865,-16441.862747231353,23637.69185368024,2062.5936902463286,13710.732158530853,24715.933403129748,-4305.605615153217,-7406.086057969136,-4155.154404042158,0.0,6076.171029262012,30422.458262874803,10895.831073965936,-19105.39075824752,11613.102032271212,-8791.751259209821,64105.04087777529,37754.63128307321,61830.78493096156,-14691.32986572574,-18326.223648594954,11821.539776766673,16439.634473533602,-7185.208753023917,-10836.151446365371,981.194047063618,9806.031693180688,-63004.382681422925,-7159.503176962462,-25753.15971152857,-4807.145993804596,-39554.93329124672,-7561.49157764941,-3334.812274313721,-5675.549606201239,19185.15426136888,9014.751898968883,1016.2123399209376,-7310.432094478003,-20162.614808074228,952.60406399738,6930.058024852304,3733.818048224319,-5397.297562633641,25082.887495403997,26113.14274338819,29536.637921415208,-2378.7771835636813,3945.4023064952794,-28582.998760963703,11518.749333168234,1031.2440245509204,-4396.957792061046,4941.086881045005,1549.1519658024336,34124.23707930185,-5364.03988620394,46354.7870444234,1.7736606827216883,40609.26285122625,-384.9006215938789,-34362.60381965933,-4237.291770399272,1.773660680575068,-32064.655839786064,-4919.913192789783,-15326.132409645332,-7097.471920663986,16187.556057119771,197.38362275768304,69.07607760687438,7855.298351842138,1.77366068192981,-8156.92673282772,1.7736606797207823,-8352.42430163412,1218.2513577749396,1.7736606832304511,3917.0094169056097,5951.305440840515,44207.19867556728,-6444.981807561591,-12834.780024697944,21024.92507850961,-6698.566349382163
62861.39194680279,9627.829865860898,-5377.975506755756,-44515.27055857673,-3538.440973575751,-10131.53189227784,67535.25378963567,10573.885134574608,-1054.9301633326213,-1391.016563775138,1900.7110170427404,6076.171029262012,0.0,34459.64955906136,-3788.8443943160814,4599.413689004374,19586.12776695803,-5605.537626229809,123427.67296927085,62175.28375152743,42097.70194334787,-5333.101353397376,2328.572629992894,23067.389463567582,650.4090758481761,-5618.521237083672,-14974.320770169172,3121.902577266236,4167.005322355457,-41903.01372386681,27178.706469028984,-25002.058016372248,-1819.0336259172627,-42300.68729645212,3369.050293423632,2565.189889573001,-4031.6688861631264,15283.75905179615,6737.513294341567,-9134.794202737485,-28965.031800088876,-4416.20355119757,-3482.094286511696,13605.981744417688,26473.674270614047,23246.672259819577,45212.905703346005,3779.628535550495,9684.681883152283,12410.286381199112,-150.00827096190187,-15080.778643799356,14913.151310868505,259.7474131436029,1997.2193520356668,2260.4707244384767,3226.615677102527,9608.505382768548,-3788.629424395229,34531.04820911441,1.369433274695222,-69132.7359090097,310.95824932299,-29612.730160727864,-3580.861172140445,1.369433275545564,-21652.17091134352,879.019006326911,-11040.089777157888,-7702.994014807525,10486.30593099298,-2250.168898853736,326.2839460952066,1812.1660741236265,1.3694332755366174,-4406.365120525928,1.3694332732695162,-5743.150065606773,106.09243422870895,1.3694332748546492,-488.64207942949,36290.85601927896,47965.49498201627,17422.852045776497,-21191.00007150044,3937.473478584288,-44572.3364253834
-64848.74622054352,-10578.74312241288,12760.766703746049,36189.04677392548,29666.76495960384,-2779.042757437412,-50549.374088517216,-9784.852378932876,1606.3710237806451,-2906.0268219640566,-11175.70759879388,30422.458262874803,34459.64955906136,0.0,-768.8065514528716,-20212.626583867823,-14038.141596334635,4228.648935752601,-30915.59993826469,33181.3547235115,20339.68316366268,-8473.177534285569,-16121.134044163524,-24136.45542189339,23554.36263819828,-83.62718285232403,2844.4815593382227,4803.429285895523,1062.0449283297492,-481.3789687985845,-28216.645468308765,10505.1369356255,-866.9334771740606,41584.55374877295,-4807.275940363379,221.33140818234097,-12791.17383080526,-14258.966689758396,-5587.840993589183,474.4016845484912,6004.744942847261,8798.133515947846,5124.52818357457,-21549.091516368528,36135.39892918558,-21878.39682352921,-1018.4867879393277,56242.29769167572,983.3795607117936,-4007.957605200441,3693.22487422904,-926.7134650867628,-10530.528225846952,10019.744855444003,-4798.220156264557,2957.5417187035346,-6068.1371674941765,14086.422924622602,494.82752137562056,34884.481745017925,-0.4011807651412207,51673.59224982571,-2661.0929234966497,4562.75226521751,-3376.376658303496,-0.4011807645585943,-6510.57751964184,-7981.827156297498,6647.2617100918,8253.480970278411,846.3600114069995,9421.356175855064,-382.0866558652958,4071.825918146031,-0.4011807641721842,-3661.396134071223,-0.4011807644466713,2247.909645156345,-480.07849892369904,-0.4011807650179211,5350.914199702449,-47552.79711048154,79697.8117673219,-4571.602447842917,12187.6214220549,12874.12487790908,75331.98641797417
36355.0696632404,5895.881155951662,-5849.24901132111,-947.301948185166,7879.716052935983,-1157.4209355923012,58053.38203378178,18699.03823305856,-921.868981694498,2281.675645842726,-2513.264845053337,10895.831073965936,-3788.8443943160814,-768.8065514528716,0.0,-5874.848295058182,-4108.595063358458,-6414.901343207239,-33064.04506351793,-31416.163740596327,10059.774662717478,-5577.832887343189,-6317.574847663665,30057.08928723505,-7787.456184586845,-784.093610478505,10957.808018434807,5518.64621285544,372.25949747097184,-4657.539428454795,1174.566627565262,2202.7646629916417,-418.54506021082216,-4417.4914922658645,332.8133627173884,1991.346736176161,2297.707312075654,13447.58779731496,10574.646760368814,7727.927482000314,-1632.7883481514,-14691.85915770661,-2512.847987644076,29884.34538161533,-23244.92086273297,16986.18426278757,-3737.828457601952,-31116.360003986803,17663.699441819597,-12821.456560507851,1897.8064475047868,3595.261565602432,14201.285369513367,-8500.816662506055,-1522.68972292736,960.8997172336676,7431.019576062042,-2393.8691270294657,-1232.2457996254489,31373.291157003143,1.3459695948589836,-5065.355525759544,3117.1723078275463,-6785.385273151564,-2966.865742740865,1.3459695924737805,-10.961359510183684,-3612.694637011016,-9929.589371451404,-16692.554116743602,-7891.740648001112,-3260.982294888963,179.20932705260873,3165.1872816760733,1.345969594887931,-2074.4247734714368,1.3459695939150116,-5383.18872972751,337.46868840984735,1.3459695961074685,4739.169918143496,15827.744795431428,22398.116587251192,1587.8124571854132,-3626.454083811463,-7135.723944125201,-55242.49683551188
-81217.430860069,-7571.004481060691,-9614.58517301618,62835.984750078846,-7340.090907214646,-3237.7220866899734,-8659.708625784668,-50110.094220187806,682.5011321814727,4756.994599191716,-4063.9790246196353,-19105.39075824752,4599.413689004374,-20212.626583867823,-5874.848295058182,0.0,3115.305292511184,8278.081028562929,-69640.7993326161,-20321.033057423658,-13490.803873442812,-2530.919612715152,7860.632693720618,-21154.71431795988,5403.72274032922,5268.581776320498,24445.255669048183,-1532.6141737179096,970.015099108954,14783.938768246544,-6092.963966669093,5928.999011691616,60.512196277997646,28829.01899920983,-98.53764820621656,1367.3151401072064,-281.980799329438,-2207.326774055168,-11999.942480538131,2046.487135178844,6409.849918446453,15929.620676393868,1404.255686758188,-10795.946840979812,-4285.344187079812,22988.99056030956,-16061.883827306156,7229.766076188766,-8277.146305744274,-23208.98229443992,-2762.5711276908182,9633.185013395603,-11870.859878054624,529.0201356797916,2041.1915635306505,-3907.682618347517,197.58415673335548,-22198.47517465221,2707.783114382868,-2121.310375643952,-0.8364796573831792,1668.3534357103636,1501.8666654125373,25610.05633776475,1920.4015051647912,-0.8364796579856421,37002.38100267528,-8258.817199865009,11301.083972393986,4618.97745312682,-7116.370453925818,-3695.3162169173593,-305.3047562593381,-7574.784002501946,-0.8364796565489588,9449.436492561594,-0.836479658126449,2360.132088047467,-1002.1119246818852,-0.8364796583231356,-2142.4500779051705,-48266.76009598355,-36933.1412170448,-2378.706331112364,165.68622684951697,-13048.129185914207,23295.019898698083
-55518.034410413406,-5671.893559517717,15021.507806946409,16969.374739696326,-29193.02089038665,10534.66747556468,5407.444121820386,-187.7939935059985,212.31444212162023,-2027.727629293662,-6312.085323737279,11613.102032271212,19586.12776695803,-14038.141596334635,-4108.595063358458,3115.305292511184,0.0,7522.577263622109,-22520.750932383933,18656.09958290273,-8569.860360679391,-4840.866901258385,884.804199487291,-21445.512827092927,19714.16199328421,728.002622745651,21063.13588414539,2258.446189515962,383.2434474206093,-8576.92890543831,-25273.287978147186,9766.996455554296,-3137.109074152366,63929.5576474758,2000.5786022036195,4578.4839254827375,-6864.14157707768,-20115.247318775,-9367.257810914049,-6570.815759254909,4964.51789685202,-1325.3645948051123,3265.9711530795607,-14528.779621972031,33751.34961716097,-23834.017022352724,23642.63337833632,30805.750027499744,2005.0195612933603,-228.64879820978967,9250.620298564056,7509.347674470778,-11113.405767584423,10648.537861815625,2456.827884857993,-2963.407733533088,-5378.030099384952,17827.52836700951,1251.8878806104804,-6327.701841086382,-1.0112346136144863,-49663.214047558016,-2425.1627512850973,-221.92360504475076,7726.659452747189,-1.0112346126800968,19960.65103911572,6912.513836571772,5604.781056729684,11472.754278792883,-17519.879960423626,-5038.826768688334,-290.4834310270376,394.4895742413355,-1.0112346113874775,2180.73356936868,-1.0112346120572615,5199.90255437496,-338.1662460166526,-1.0112346147803608,-1269.0571602909697,-56377.43182116226,36526.01063931408,-1072.502113498951,-5364.6352631515765,9895.543820883904,32177.39401335833
14172.407477201135,1674.9279870956525,-18287.60083566513,-22225.77052046587,-18620.08582942476,3545.4481584046766,43381.8037985522,-3187.6773903119606,-331.70393607399865,8352.983674152516,2002.637642435201,-8791.751259209821,-5605.537626229809,4228.648935752601,-6414.901343207239,8278.081028562929,7522.577263622109,0.0,-22361.726998555183,-17386.373505964584,-14771.355140114409,2544.923240946889,8358.09790269065,6563.994005069761,-2984.5462265227834,925.296333330488,7559.1638354360175,-2384.928764121967,5143.962178441194,-1657.4481665939384,16266.419485050284,-8958.991295337262,-515.643345033488,-14759.430877320336,2246.124411030549,-2142.8222524064586,-259.1986707619071,10470.401820406396,-1080.1066134954308,266.9764766653343,-2490.6732355711065,9303.060857763425,-2025.4835738329348,-1112.8862122061182,-14507.732175826268,7113.292196761904,14437.765904029076,-25874.242937131,10442.160273149057,-1528.1609464169303,-4292.55490207702,6144.245189437566,-1203.91416000171,-3711.833691501161,1896.5866723844367,-2192.242906766656,5132.81689948235,-9339.967795260876,-380.1770867660306,-17680.041743995855,0.6546001063929405,-13536.4409682682,317.02121752926905,154.27358944402658,4119.785930856313,0.6546001070118086,-1946.5857271365169,5352.741051667814,864.5507641533404,-618.8008221858181,-1248.445305448622,-8131.186391337381,-117.98797568600412,-1360.9480356357744,0.6546001067482563,2729.8981559547806,0.6546001055983202,-470.5328567818215,-235.04349647082697,0.6546001061038568,-2193.307973059964,-1890.5134140122536,-27436.62566043133,-69.29998301438172,-9081.760638388492,-2969.01105549674,-35979.32341316147
-282694.70510047185,24980.299832368382,112888.57810985668,84522.76615888171,28206.26609143184,-44135.68485349059,126744.20711851932,96473.5049458479,-1205.9277065157985,1571.8725978508007,-25859.80545286916,64105.04087777529,123427.67296927085,-30915.59993826469,-33064.04506351793,-69640.7993326161,-22520.750932383933,-22361.726998555183,0.0,124430.30803418045,-27131.879163905745,13776.667238605847,-83197.38011935345,-51967.43249465968,44459.374452527845,-6152.963577226714,-6411.166211979464,24359.169381047686,-12877.397067671758,-21881.829525178648,-92035.92035409564,91361.84414118,-11139.776462286854,173366.22357568503,7364.517914825396,11743.467811124136,-12944.206202543572,-70008.50204118853,-42765.05488787577,-12237.779732109171,35844.97990040344,-1736.3947888416003,27238.142683675163,-70734.58908170022,215181.92547930288,-88297.20157536678,80093.76195013219,150928.5554425125,-36415.64702778042,30226.26005932386,21306.346133447656,24536.70597247574,-32492.685028499225,41787.09780253441,-32306.679297183557,1881.0923878300528,-9133.796917318132,35165.656122516026,-4784.882316665804,91154.60557533916,-3.5717160129278014,-53780.66874660284,-9894.28669981753,49298.831540883984,-35373.69449296674,-3.571716011905483,-12790.645917019545,-20667.50723162302,22833.04073266949,-12216.224161285849,-57649.97850032494,19314.926654988143,906.1833795892168,1195.7376445182017,-3.5717160127638508,-1197.1386935290575,-3.571716015441349,26898.32013068744,-1203.029196102234,-3.571716012735859,14018.038095820635,-276981.2368726963,67402.26621229807,-5646.268052514526,23441.318396378367,55416.017523897,130688.37379944812
-29891.88291425095,11339.631419944284,3983.036511709448,47448.45665341779,-15723.81279127288,-5421.289929737512,120940.49891652816,70455.74722146173,-6373.811324599265,-7898.708141525421,-20936.49884981508,37754.63128307321,62175.28375152743,33181.3547235115,-31416.163740596327,-20321.033057423658,18656.09958290273,-17386.373505964584,124430.30803418045,0.0,50058.43343976698,-2839.02416281501,-22228.416733194143,-14960.81338874693,46324.86805568344,-4579.157449953032,-1281.3475790581433,1628.849747714732,27717.05506518765,-64533.30918110116,-13087.975361503892,-14388.129831668572,-11409.176739366225,2270.936503294157,7191.046432472722,-6317.077022445286,-19624.806892083023,-11143.879024551192,-19884.969346313155,-9759.014152909043,-5891.14223566791,2548.4558529041824,14357.843809028476,-57423.06991318744,86452.77759033091,-24071.55460474,107197.51480981684,109108.1113014086,41218.36552890437,14102.45277412026,-34.07349649796379,-8222.315085227187,3258.54361629457,13420.343311721344,-3057.7442547747632,4538.038128686254,9345.807087568215,15639.82534357137,-8276.711744580352,54978.57785128313,-1.437615908602064,-14308.083993565524,-7277.456604015692,-8649.688366164104,-14164.684273806984,-1.4376159067100378,-29941.19098122129,-6031.906683755573,7956.210379847922,6804.22347529931,-1695.2456270447583,-12333.838650129675,-1125.60226742423,4335.059363738983,-1.4376159078122244,-14953.248312197444,-1.437615907166876,3217.7093839291774,-103.61450504834647,-1.43761590567029,-3337.812008037537,-97539.511922542,81168.53013854148,19532.002993272617,-33024.265775524254,61935.83581191848,105984.39829230485
-76094.61517804198,-4635.185040377778,-13196.87581468909,59542.79401149409,47300.47986716357,-15623.739822253368,14994.600682981543,27599.442923924304,-2682.665442114676,-4283.121206901908,-18024.96580767339,61830.78493096156,42097.70194334787,20339.68316366268,10059.774662717478,-13490.803873442812,-8569.860360679391,-14771.355140114409,-27131.879163905745,50058.43343976698,0.0,-7479.684813953965,-28188.813188464468,3263.188206177263,47635.367517455656,-7499.402576529944,6878.783404321292,13190.816106576296,16271.47174213553,-44214.36559699994,-3024.55378467642,-17339.793385307537,-7693.938318228587,28374.447379702004,-4374.213970509512,-4640.445485018092,-7900.89902951999,11785.01630921752,-1652.9287507349216,-8837.685144252093,3913.789590071101,13902.685699162215,3926.781630792728,-19017.511243822257,59732.9161238065,-5672.376825159707,39915.27308133012,73453.64191599005,42414.68438037938,-13701.889704921572,3038.19899074416,-142.5461498634977,3318.60948243292,3682.425572198176,-16382.843837414548,8029.728706228808,-1632.315652259742,21293.641939155696,-5067.507024136412,78414.55434044299,2.9193934810779325,57248.67364385957,-2045.4060735365856,-25944.52409923615,-13852.410135470787,2.9193934814306086,-17147.227919392637,-16543.57050584737,3363.387035413776,-11960.847020799876,7936.338803997262,12297.833871928624,-713.0231400508651,5275.308799259074,2.9193934819956464,-7309.226564653083,2.919393483005261,-4269.424802557944,-1375.3671542242664,2.919393479929488,9494.820716900433,-95325.86299590315,85193.23521639057,-17814.746811556688,-34127.34109066296,27234.917766935658,62031.39369645064
14477.098241566851,-5074.227138122151,-27923.30328380782,-13332.82428023708,-3814.5326571121695,4238.774145935167,-23762.62571374348,-12826.301050309004,260.3385002691175,1000.7173496296544,2161.1561162266767,-14691.32986572574,-5333.101353397376,-8473.177534285569,-5577.832887343189,-2530.919612715152,-4840.866901258385,2544.923240946889,13776.667238605847,-2839.02416281501,-7479.684813953965,0.0,7787.119548154071,-4214.104597784375,-1565.1016281587652,1301.2005179091784,-5545.110894817044,-1163.113689400543,1668.201577175998,14473.266993563608,16575.472099967228,148.79454316186457,267.5600048719202,3390.418697754416,454.76108669803216,-1634.4787158116724,9501.103047661236,10969.030972558328,-2893.845891295677,1200.9554072255223,3488.901579167388,3097.373045719461,-1051.3479607560912,3411.7580088953687,-9837.053032687689,9580.892087747054,6941.1488132610975,1931.5459288021373,11158.528976822736,-6513.82130999028,-2640.2546927690487,188.0426562983648,1096.0371769427877,-328.91006872056454,1891.293588378976,-730.6220974967255,1936.2268778037903,-5087.848458021849,881.7801917225789,-5769.273673178861,0.6276791748003476,-4043.845908974792,1170.007329332473,19955.72651630725,-927.335412395132,0.6276791715592975,2824.0192306421377,-3805.8185293267015,3890.263624490301,-476.50538232664985,2302.456509891963,571.6542430924745,59.58457373046292,-2290.6701742795995,0.6276791533315005,1025.4698095028753,0.6276791677771172,-1181.6988980582391,-249.70887827477196,0.6276791794128118,-2893.719326128463,16435.990954313544,-2943.018083860806,-1903.751622038108,4273.303581663713,-6965.62958774381,17866.022853569302
-76904.74795853547,-9998.339764224247,-10747.61586928158,72296.20991484755,16925.068468282916,-5019.376313766039,31244.857739922296,-19087.62284730276,1255.3540988809118,292.6892991674231,278.5114782337332,-18326.223648594954,2328.572629992894,-16121.134044163524,-6317.574847663665,7860.632693720618,884.804199487291,8358.09790269065,-83197.38011935345,-22228.416733194143,-28188.813188464468,7787.119548154071,0.0,-11553.334950127128,10318.914282758822,1065.5096587035596,10847.222787381295,1201.697030841911,-8735.019020928945,27832.505641581323,-18508.013365407143,19269.355358414992,1525.9609091259083,4445.18342275216,-768.3663809848058,2561.8364589693592,-6024.219789667637,-7448.314140437794,-8219.147608924053,3653.124891026911,10874.100990616344,10966.327513856551,769.2238543873027,-6954.102290824485,9626.8196795471,-7009.27216862567,-20497.974024474388,5088.584029226738,-32261.127362380757,1248.0585608346591,-4480.240496869446,9160.55207059928,-10478.908825414495,1971.0008367381813,-4170.719319447486,-4285.712559353057,-2165.2175470207726,-17868.537119672503,-1808.9006715268667,24335.53606089606,-1.2997610733773923,-15901.585210952428,-1693.365197588788,39938.87291615208,85.73717379433947,-1.2997610734808491,17480.778459915127,2380.9240186011007,3642.102643679867,978.9736472061776,-18544.70201488369,5513.62536999688,294.18316891490565,-4681.972752029273,-1.2997610739026884,2493.864802098399,-1.299761074664585,14991.613097847208,-1032.7630439889988,-1.2997610728765552,1533.9362886663002,-8996.042912394078,-38075.631726700754,-150.3443596980505,9974.598191371324,-16026.842430878196,31002.779765354036
-58812.321478175465,-8440.468151282927,27323.08002341388,20963.37845196304,31535.50535155239,7941.387797269162,-41742.328495671216,1467.3773869587455,2139.3695682760863,2705.4039432336904,-615.9535568473875,11821.539776766673,23067.389463567582,-24136.45542189339,30057.08928723505,-21154.71431795988,-21445.512827092927,6563.994005069761,-51967.43249465968,-14960.81338874693,3263.188206177263,-4214.104597784375,-11553.334950127128,0.0,1291.35092697051,1256.2866671582851,13758.180552584148,7890.988434657019,-14403.099715406584,17444.58917978182,-31258.28763456196,29414.50477192916,1292.6237018556255,62956.25729069058,-1723.13241514744,6443.288758140196,-7619.8837944133265,-14262.035561927463,879.6836715015523,1522.7944236640033,12650.516292496408,-9898.071194250311,2903.1186136780816,-3382.4535341576407,21389.44315336085,-28958.614574871084,-46941.425395705446,14895.282089064827,-22908.063613988,-1032.9407580188415,8817.981595765945,-5497.460396845052,-7638.32555491029,1424.0628625155225,-3102.936245753372,1496.0975094358946,-6380.6691526538925,9286.932076009662,3030.49092132906,1773.8963082623084,-0.9677691880043336,-9743.052760506514,-279.49404906602285,-17338.640536861494,-3880.07349181188,-0.9677691880116824,807.0800513313297,-100.78257665832643,3860.281125554553,-4066.5461158396497,-8486.20927047731,14999.569928232304,110.34291797714718,918.663003390946,-0.9677691874527614,4980.159460332494,-0.9677691874186471,2070.9927503474973,50.221113014709765,-0.967769188211621,5228.114711675764,-26798.221108273865,55439.70621098415,-8812.600993178814,4382.84522553139,-1892.1675286193204,3427.7455513034947
