0.0,703.5669933132418,21.718498316491996,5.876309996530813,8.392114166498743,12.863433999209288,16.203945251315037,28.77913570154891,30.832473461506854,32.67470960566077,32.02632039494716,33.40620141875851,18.614781724201865,13.248327568748358,21.119179487750948,18.744387657538905,19.26424222364726,18.01212836783605,22.75476598171153,17.33130311834308,22.840626189549933,16.88105495439943,23.918649235602214,5.7888859816069065,2.428594535814785,2.0062933620966636,4.1919560389690975,5.060496804230298,8.308886552244918,7.930737946483129,6.001627746623877,10.456399267723231,13.608487465116841,9.592035083577482,9.704561372745507,16.940665979194826,15.958866918654055,10.816012104192213,13.53618717146969,17.26704448847206,12.807061467477656,13.824640322815773,6.710835882584669,6.378393143756923,9.296345057620021,8.154312163157831,9.016781399057543,7.2637037819012775,12.077628391499596,16.068544503438535,16.34800944126883,18.414602659421046,15.961118478838259,10.821654598771655,9.241514450048388,6.031259941719821,6.0993132786312865,8.005357363366146,8.859431773419859,8.655348996809263,10.519995968738838,8.742962824524161,12.656565337929873,11.44031555964601,9.80483669827331,8.787267760486626,5.06188870565636,5.354524955798211,4.95156133617246,8.023692288576191,5.807275826126755,4.537229499496133,6.61019275416447,5.837474996856825,3.618313407903478,2.085237178539487,2.3003940850575804,3.8149731063012005,4.833373382572993,5.985392634423006,10.53788248426278,16.968973768530297,23.76219350838831,28.666639251944268,27.672566217743853,24.03416147946583,15.721225760406256
703.5669933132418,0.0,899.061865099665,51.20559428848736,39.84320818271101,60.33579269577364,66.67130969186384,59.780965686387276,68.39516170882806,48.08633627363158,55.88107621574203,42.5144270068767,16.380712506063816,20.019932841268542,29.759524185676742,30.966881575779098,33.219919784757515,33.660745398110684,37.95113740871588,34.43337474155798,27.753000152119604,18.835215565880365,29.768207874675642,13.532080796466468,5.527884759422216,9.898769743371288,17.094082489620938,20.516270321248037,25.41538742315522,27.76747523966608,17.706925009735205,24.248654176529723,31.97032526648143,23.75065607845071,19.307028970978234,25.649935018211934,30.121900552009,18.114626737226843,18.10729415672808,23.722424455119025,21.04208102274334,29.675350412863608,12.58971077328094,12.724560101861085,22.221503623262706,18.729997459034905,23.034454719297266,17.24240347702348,30.346970910514962,36.732494284548594,34.007111783391075,35.547229044572596,30.633692996270607,25.596210740826397,28.54608577951508,20.50476502403029,21.010791349008716,23.14837113145715,27.96799565897395,27.114267603609107,28.805036753506887,22.935402845460366,28.014105061014874,23.243925813346713,21.3555168288694,19.06021328916363,18.887332245371617,14.854375215646845,12.677433352200678,13.153274454687786,8.264381052656585,6.0689795670223825,11.18239766255365,11.992874099204364,9.43752791881096,5.563354556902475,6.963582391589733,13.714190294086535,18.253445419945525,23.834310762023275,37.22012206805526,41.074158056899485,47.319265892342756,43.61043532180975,47.04998938782415,47.442541717647075,25.55559522804735
21.718498316491996,899.061865099665,0.0,923.6646794306854,192.0251392690281,125.34184152575631,178.30064906940837,85.08187168889889,114.28650876471609,65.79813913104704,91.61184930341159,55.04922656385643,21.445636690406765,18.31059551797205,41.78459267147768,37.74762737441137,65.68905162523637,62.62684149624753,94.90041243725929,107.20951381187766,75.35728116149593,38.254819748744715,17.383040465218777,5.802023444168113,5.917841208241496,10.129891562697562,12.576836731815028,16.837098379572467,22.25329489731324,23.278583654511497,14.730251798306602,18.884304117844877,26.88692107017447,20.381211370456864,16.775185071041122,23.84790157201602,26.839679211999947,14.591194415887646,15.53698922436319,22.10779636387457,18.106261277173505,23.73626155344608,11.449130886315965,12.276278617660482,20.079940199228822,17.670235011034624,22.709373608183157,17.546240736730052,32.40970610562915,37.126845518161595,30.385434337432844,35.05651257557813,35.16280417542025,33.23546461561489,41.81523726188391,28.57222323233441,30.004195420529904,29.99837449858164,38.4221115727141,39.49336142625588,40.79638120625764,29.956562893635446,32.80755591170115,26.230306915480185,24.972890010216037,20.065476072513093,20.47789898233022,18.222501226117995,13.327363322475172,12.503996677344636,7.074383508318638,7.831849702711082,14.633525228909596,13.802211237133266,11.529934386229066,5.795255827056414,8.713535238746934,19.97662441418116,24.712683209291118,28.768974498318983,52.140323077077596,43.60941874102673,49.40314589542373,48.89320633407547,54.599936779882185,49.509274039556786,25.832615845972818
5.876309996530813,51.20559428848736,923.6646794306854,0.0,765.3328409891461,114.9644498254016,188.00768199708222,101.18967437062472,118.64883963514862,73.86578026796911,99.5093754091093,79.44656284314563,20.17045396572807,18.23751619666191,35.95282504232251,35.21975177879243,65.3464942427448,57.1342832176488,145.37600278964007,153.73659038692531,222.87817667923056,162.23432178141073,108.79440981065102,67.52333965689171,32.108501978949676,85.96716013238006,81.13447752936803,90.19396777137194,71.9849028366626,91.0709579958076,47.80252501354114,69.92059781891948,91.58267450049769,75.69844076933643,46.47847244891251,41.501250320238825,57.38257445585758,26.336730250303514,19.694523875773026,27.140065263753367,28.831768309053935,48.8594351715325,18.2769261727732,23.796159550114094,48.04882019188867,59.67375830937315,58.78641014094604,22.825634244385196,63.55960600575325,76.67260420678274,52.026140801467406,48.34911095741438,38.84567566972749,32.29760425427813,38.16301114963199,28.918670399009265,29.43307889503324,26.152322035966648,35.21300632814195,40.16099384455303,38.05575565083897,28.535990234523297,43.78841043160298,40.48530992552091,48.46849279676076,47.348612921426394,61.33554150936044,51.70412282114149,38.28382233126298,27.725465632262043,12.161628938794205,12.437416926592093,22.193941327023627,12.881109797684429,10.437840643974035,4.80468348174528,8.621798389731172,20.23941888185697,22.677925017022137,22.17644379000388,40.71562373666318,46.24150992981277,65.05611404664432,59.71338892483975,75.21331218646736,83.05242656761007,39.42549873552252
8.392114166498743,39.84320818271101,192.0251392690281,765.3328409891461,0.0,1140.1745543061934,252.0419641832318,129.92661630018168,155.7983006269493,78.23775191227419,110.48645955314383,85.75574994032603,17.697101598080643,16.038537441139187,28.73127034327499,27.501898779973196,52.846235057781875,43.22506163101792,97.79962180265488,78.55440060830588,101.58310573650319,61.0268811334383,80.89947073768886,123.53971762846419,57.0220343748169,128.89833282971173,90.15661512283242,88.28780758124194,55.44765520901164,75.97604253610444,52.575441951101176,59.29333534981372,77.32041098609947,78.29308561197661,44.304589947367056,36.913015166258056,48.10085598425886,27.251948763597746,17.58314502437784,22.380858000158838,27.41958585617769,43.571587787438226,19.95335532658926,28.81548026559075,44.03898556518247,64.4531340399916,56.770027735485066,25.433464461466695,73.46633414019804,92.9896022930825,82.16057412583895,76.27871998791068,72.92626021043641,66.42483925552541,69.87010046266103,46.97860258527721,40.957182903187714,26.42246061179261,39.69244659836531,69.80596526216489,74.83419790594658,57.88072579979015,85.16160713645863,66.30143316009816,70.75606338305008,64.40062036103599,56.80278109191383,55.93571046451257,39.17196809312175,36.40674523488477,15.636693233483276,18.75911110323811,33.60951011706203,19.567450899003887,15.842944116989557,6.125936752444599,13.534197562729396,37.95328869052279,37.25985215196117,30.466331126893664,64.28294067275247,81.26694460667944,100.76021820631233,68.61852829345646,89.68678631672995,99.30162671255115,53.73560431549525
12.863433999209288,60.33579269577364,125.34184152575631,114.9644498254016,1140.1745543061934,0.0,991.4097059930093,110.40297161572342,133.6207926383495,79.06542848523277,93.87432858608899,98.96586324771864,16.405441514467228,14.289073856947477,26.73432831565754,29.44383702772883,49.04045080994088,38.341794786645934,141.20143730666797,113.48854719238373,149.7248620872531,94.17324762489717,67.33745642985735,98.55191288439816,45.350940869386484,103.23661785691002,77.2248447790766,66.19246050186038,42.598668494277284,61.73331947626343,52.17284725691846,46.074691554451526,59.96903330596788,74.95130690599139,43.37397100034548,28.99819912028574,40.79309228514242,30.903860984226164,17.79536025756893,19.24446397438764,28.131960705510846,35.1843630768345,17.969907726079526,29.99922598540321,35.68921442158397,55.061344531458985,47.73678129254726,26.479157512927245,73.14496786921127,76.18381829944592,68.57886238816877,56.14530579177082,63.769199619426566,66.862615116028,69.36644734106328,57.81221635701861,44.66960356521093,24.645601779303167,36.49372143088961,73.52311312307971,76.76368293323407,69.6029606732175,83.63310646287789,65.50999543978676,68.3940720572492,58.35118422234563,48.282987893592804,39.436445421506875,28.128408862513112,29.57274968541053,18.50305392582383,27.065715785034865,39.75150090185536,22.294171001860363,19.17786171229265,7.5732202688386066,25.143042295819473,67.06801785178193,62.96262916506791,35.95332825240652,51.2298097146382,54.53290343367143,70.92664890546168,53.278628795189235,71.39563517035685,86.67495021647603,46.74245052900537
16.203945251315037,66.67130969186384,178.30064906940837,188.00768199708222,252.0419641832318,991.4097059930093,0.0,898.0712205517714,128.54360632689156,114.46917247786111,111.54943782169515,127.24636532107397,15.175810001725413,12.098884511806355,19.972728193238027,20.702795297906206,29.756317474935642,22.08101026063937,73.78525491867578,37.22007718991391,49.38489856160851,95.12353918937366,90.76575076301809,135.41597823811935,64.40266379247792,102.5022474519494,60.893207707198805,52.58041344529679,36.926142307737955,39.156682889237246,35.741795597221135,27.354825382464064,40.42945535767143,41.14714493850945,26.46614809777121,22.639591759619456,30.635962497767,27.111068663337527,15.929784984186517,15.053762377994401,22.779321448318843,25.453949219568646,15.672104242004066,27.137949793428742,26.79890432683712,44.66705611355259,38.7337569576152,31.57246745952025,83.19961939883493,95.03137525235357,124.37121375396836,93.74397716709635,154.0114033777678,150.02029361007646,68.56735167302422,66.0106397710196,38.709560757764095,18.139057211198622,25.083837784468717,61.47236212634523,91.63904805450572,147.07234671252277,132.33575280357695,90.28379770350486,88.97590056566159,51.64001888314955,40.025378821512994,33.712127479512375,30.109803384368,36.31917253163513,27.11665127722782,42.14378866922966,49.99814274384213,31.16986069518694,26.559455807201598,10.738651210068273,45.28858164692765,85.40798662725012,64.0260992762739,52.66856651030015,48.089952162300555,115.79415076368207,96.57816376887094,92.26818978212778,104.64540277898752,121.93320264791507,70.3484862546564
28.77913570154891,59.780965686387276,85.08187168889889,101.18967437062472,129.92661630018168,110.40297161572342,898.0712205517714,0.0,853.3813230055932,95.1406060547892,106.51489334323114,124.04748929748284,11.230925194669764,10.306661722232045,23.09856812314475,24.32566169184779,33.25824056392042,32.656890482124304,51.689992090029655,49.40189057644813,56.34486459537331,78.69999733782218,62.224419934353016,84.80650892844417,72.55629379176476,88.49274595904234,53.68181761244183,47.38437948805278,32.42170356022097,35.01583282980768,37.88306004387455,25.280874302464362,34.731977129443266,45.059249328671214,32.54109976878559,22.0087495315909,25.256720856955276,33.12767660997754,18.334062533432103,12.603370917984616,21.23833180844269,21.24708504107592,14.818768249064924,26.653696627874407,22.55757403650629,40.13525307355874,32.9079162543502,28.07549600163452,63.38851333004426,67.6491503545214,101.2292933138071,74.50447047263069,126.51312075349935,147.03629050344043,74.18134697582302,95.91606550629501,45.86058240107075,16.93432075620155,21.987628627168505,55.62032911937539,74.39881018912648,149.83429920833132,88.81910378474642,66.84300519209687,62.788694130967585,36.33747319042779,29.64313164877051,26.539080918825434,30.609216991838828,43.725944589918626,26.800289949586354,54.38013610907874,48.90690537096882,33.921827029382186,33.309645282479075,15.994599325136367,100.80967889087493,73.27630381274433,84.08844998944215,117.7974661174693,81.12371453940973,128.98123739878818,53.25079764111848,54.16890988085777,65.99952695589393,81.43259830717537,57.62378047553665
30.832473461506854,68.39516170882806,114.28650876471609,118.64883963514862,155.7983006269493,133.6207926383495,128.54360632689156,853.3813230055932,0.0,868.2996532750719,104.90173909623138,81.41467594430996,8.416669995146902,8.206352037684876,14.255845860595416,15.090262455522218,10.049384763221038,20.78271116879094,46.02660405783386,83.08717735423592,69.57766242886584,106.01695351183204,80.98540550766235,98.82032204165368,78.89239344160139,93.74496556832877,63.16219290797435,55.36456095866686,37.207176661270225,35.867027892794745,46.26778785986714,33.88367264550302,33.00359853927402,34.518456435615285,30.655897670093452,19.826516685246684,15.723807082718622,23.814532244942097,18.65929897639477,10.770014259650722,15.667707442212334,13.906189960197889,12.057202112804083,17.764551115688526,13.790048092811821,28.07017389419902,30.113097605984528,34.19660459854207,61.8605535135092,72.65970580442206,163.57893015100112,128.8445767400166,176.24022076410924,88.74280529265762,38.17332814247556,48.969732169353385,26.199995403467963,12.180432580513974,14.387231018947809,33.76193530503222,53.56570294101908,111.07036081211433,89.68288818853807,76.9137890677512,60.47160047228175,31.150846090230303,28.38954258163199,26.559855692793985,33.25159480263428,50.49371701666045,33.72414022754009,69.66243700209607,57.17600129920854,45.06491493260319,40.3452206111951,20.819629235272025,73.24774301650616,48.41260153621722,40.305381521617555,64.7584855036933,39.42054921470461,72.3110550164279,79.5988263014814,118.13957060830712,72.63750686762744,86.13257352803184,89.73329862736075
32.67470960566077,48.08633627363158,65.79813913104704,73.86578026796911,78.23775191227419,79.06542848523277,114.46917247786111,95.1406060547892,868.2996532750719,0.0,978.1630922036874,98.02939989098347,6.96148643965913,9.260863683428491,25.793253357551652,14.36162940831586,8.673488221540271,18.06185055631344,20.733270140117064,43.02727284395817,38.12096837149606,47.53154516706819,45.22615028662453,54.15541684869459,56.23686620205754,50.3016084163594,38.37825699489284,32.04949704160983,23.46377402839518,22.479843765135715,29.660921564611918,26.32930241620462,19.445917312487126,19.339808481369783,22.40301509454218,15.219947307707676,8.865022946466325,13.7768602895414,14.66850045915849,8.120354047696324,9.823463655335729,7.813679898843721,8.772679308223003,10.521849441784122,7.577842254711907,12.828802879555534,16.40383893041632,22.690571614911956,37.04644578687892,35.8753498891923,69.46757065237267,71.20300334853042,93.69662952675952,90.11152303711717,38.981344854593196,46.42512027968984,20.54192106451717,9.567842102432314,11.65063567132284,25.494447692446386,34.946919967924224,72.91964411319005,54.30038307455202,44.65299218574649,30.506650701997724,17.480384496091894,17.240185847497855,18.668828847548824,26.787235097096854,32.40619606134239,26.828948090538432,56.626297832740875,43.0852285211483,49.35208460681702,58.399524254866336,34.97201026537178,82.10157276137714,44.97118120805469,55.06618958563793,128.1445473520541,82.77737125557326,123.0426342234063,66.23849184373272,49.52317795268698,33.61491542640027,36.865081506477914,52.79965202784739
32.02632039494716,55.88107621574203,91.61184930341159,99.5093754091093,110.48645955314383,93.87432858608899,111.54943782169515,106.51489334323114,104.90173909623138,978.1630922036874,0.0,946.2233625286627,12.186881509125255,10.346237655480317,11.593425025927862,15.314915094879488,8.645184026677866,29.806571713010214,33.016829890495934,69.51099500349437,53.81529709857046,71.50782079050855,67.08868062217023,77.55334845899033,75.59856616192292,73.39980066249333,55.22840498794962,40.03459209916046,29.463416640429177,29.259911775674233,41.68573526708001,41.413721521926824,29.76057537173396,24.339664538124865,31.103350969229204,22.586165394014532,10.644253822413386,13.720990708813064,15.873394457917529,8.272531281434592,8.198364333304125,6.400001382111914,8.630827513672008,8.244084689591494,6.099922777328142,9.790370771783161,18.658389909970847,25.808813498854363,31.045640776787184,28.863211303474166,52.19667670785564,51.40486670776802,38.685001120159946,34.58765795816001,19.233328992749712,19.767381630212125,10.408151687655245,5.624469265310576,6.617552541461615,11.95020025231309,14.572484426676477,27.08859374568293,34.84176243815983,38.0305363272584,26.831675096544966,17.40813417999602,19.808033491543263,19.364484063762866,30.66481942207565,41.80662041400317,41.170954908174956,68.06148141328815,35.72782572538575,53.95792038299045,39.58504720140956,43.41523260152346,23.687915842956986,18.478754004266698,27.320114227931082,65.50334825863318,44.64282597995095,46.34874249367729,31.363775472393925,44.86968780237697,22.178089410650667,20.25206482821032,28.3466297897094
33.40620141875851,42.5144270068767,55.04922656385643,79.44656284314563,85.75574994032603,98.96586324771864,127.24636532107397,124.04748929748284,81.41467594430996,98.02939989098347,946.2233625286627,0.0,713.9853595567357,21.342627398427517,53.607296331146394,21.49876465641938,8.661566308787778,31.639805477745227,29.201904683142878,47.875053899446485,32.891428642155056,36.44162548119889,33.20660653152863,34.39070924462085,36.53366509456986,23.86764984864806,19.386504184384936,15.170393530038522,12.06045946556142,9.185452925687532,11.993399608685346,15.355917455595566,9.271627484079753,7.804095252327595,11.731960183322807,10.627386849458567,4.592565328130294,5.487991528638451,7.7772250486504175,4.4888083427476175,3.837991664405599,2.8285480762458834,3.7922449164212817,3.3935211116207515,2.60171170413227,3.5316744833506712,5.190114716107698,6.875748366594732,6.7587339655025955,7.345462108619873,16.197435496514455,31.233409841850275,53.780678433214064,55.72868970123746,21.519669826060216,19.324558493945744,8.807500692992491,4.717215590867876,5.574069638771002,11.216091073176402,17.250582590314718,35.88593823549816,32.659698116217406,30.668015469846445,19.180298175314494,10.773129850438718,11.956244875905343,15.014219922612027,22.201954077802522,27.794346300673315,30.15761934721899,55.00241836332331,37.76564544896483,64.1741093382615,59.74081310861732,54.35681502075267,28.50576197812055,22.497792244468766,30.655244921145883,80.36842023798565,49.488012399925445,74.27397065004686,57.11926975908165,25.649353088104736,11.387528453221071,6.172955140671156,9.812530686607492
18.614781724201865,16.380712506063816,21.445636690406765,20.17045396572807,17.697101598080643,16.405441514467228,15.175810001725413,11.230925194669764,8.416669995146902,6.96148643965913,12.186881509125255,713.9853595567357,0.0,979.0156259974646,59.33446081300533,9.866836448834853,11.220684316669775,13.51625449032915,10.807269598476223,14.262655732915965,12.511051753126921,14.971070479308796,15.8679397028724,17.53517653246605,19.68528430754439,15.119350773556013,12.657486115144685,11.054638121040563,9.142974722915389,8.201370079431145,9.471639556079452,9.383638585704212,7.047255925517756,6.565339296843213,7.404395864250056,5.886108603907784,3.6656610404299363,4.085453089018392,4.298344819197877,2.9042006662200537,3.078694571046545,2.770749698445926,3.732910162475402,3.634705002527088,3.07248984056939,4.302651832685244,5.675081098122203,7.848046096591857,8.528467471986916,8.795840021127841,13.680497957862393,14.651972942419137,17.91605542979854,17.502523973489474,13.774417666712866,13.420126057313746,7.845194351357766,4.626619919338368,5.584616647489993,9.555678897560561,12.949981070721236,18.92857274042733,18.356281461277568,17.475711989184905,15.663547522204189,11.26309264274683,12.059239606665317,13.707097986197576,15.35059592130663,14.995782076248029,15.276289858593707,22.122328586265947,18.447468311322684,22.893969832502467,22.906369366055987,23.469078390859305,15.515206466878006,13.316177896478335,14.61676998005145,17.24422862892921,13.905016595003413,13.07405336488787,12.289435511681686,10.406206147354634,11.41365327488119,8.681442359254868,12.633874910569928
13.248327568748358,20.019932841268542,18.31059551797205,18.23751619666191,16.038537441139187,14.289073856947477,12.098884511806355,10.306661722232045,8.206352037684876,9.260863683428491,10.346237655480317,21.342627398427517,979.0156259974646,0.0,934.2765477337726,34.04209511381715,10.894562193283829,9.729721730795626,9.097175472150024,12.109504601268684,10.89330237314738,13.2267136465373,14.795998495533055,16.54767099656907,19.63603312697097,16.374486184458462,14.154923504099472,13.956784096463222,13.328855548366336,10.852658805746891,9.848434295555625,10.669894132267743,8.926614965498116,6.5437221366618505,6.945685075440022,6.420884970651876,4.5320104444035465,4.540819373993475,4.479782527690469,2.9313537925268176,2.737085062931089,2.788860489489732,3.9327699831911844,3.6640013569852963,4.038649023072977,6.003227770743911,8.307372842813534,10.805930864877354,10.813345745530773,12.163281330935279,17.389599656414156,15.741702846868337,15.567656557645101,14.153752267344723,10.082712814860223,9.804206992244014,6.032520218772094,3.6951705433859767,4.233236943910386,7.100646603603119,10.02619529691067,15.818101054253722,17.97961627685216,18.275642946923146,16.14786028324094,12.493195715351234,12.291022419547403,14.1684538313587,16.944092760040714,15.872442735982645,12.718869935873984,20.725731052865626,19.654888983066666,19.948504959781644,17.96046718309806,17.262210033680905,12.698076884766898,10.317583751756928,10.252079395006456,12.277456988922953,9.852198560244021,11.392825727937351,10.963906174350175,13.386993414881763,12.732261179786962,11.542410211100526,14.728439488110935
21.119179487750948,29.759524185676742,41.78459267147768,35.95282504232251,28.73127034327499,26.73432831565754,19.972728193238027,23.09856812314475,14.255845860595416,25.793253357551652,11.593425025927862,53.607296331146394,59.33446081300533,934.2765477337726,0.0,861.6225774045471,62.92224574587073,30.6002416139387,29.762804724399203,33.526446566198196,36.0882093994993,41.40621169024669,49.603416183423796,56.52817317698364,70.51376444277649,54.46389215801537,46.175677067138935,40.883625184885155,30.981269528629277,27.688758989018144,31.522830393759733,33.23438855408385,27.379754159184504,19.523594022314455,20.962802395181253,20.559366813546006,11.820863592341237,11.312393005063386,10.825107167877148,6.528113104675463,5.37476081669407,5.94814420388892,8.841572951313443,7.268096789606981,7.532190242751374,12.246497963774953,17.796864301748872,20.436458257605267,19.130360088737635,24.893796758726907,31.716553869386672,28.544956165250326,18.34028718276585,15.108569855132233,9.435371397206833,9.282808439801,6.013901085772271,3.755009178902548,4.13361677535718,6.442143113383976,9.441446721469175,14.453789087514771,18.642141757797198,25.286548648504546,26.41163079670803,24.201683668681437,23.65048443439396,32.57208712126152,43.41390388288891,39.44394766271854,23.109747806240676,37.30382456110355,32.45988561734303,24.966300385020876,18.55369584807928,15.915280729369533,12.881997136601749,10.8959689463616,10.271060167451006,13.66327145271053,10.831169303699083,14.031062307479159,14.217159245356315,26.922416244578187,19.434441931199355,17.411729338536418,21.482849036454127
18.744387657538905,30.966881575779098,37.74762737441137,35.21975177879243,27.501898779973196,29.44383702772883,20.702795297906206,24.32566169184779,15.090262455522218,14.36162940831586,15.314915094879488,21.49876465641938,9.866836448834853,34.04209511381715,861.6225774045471,0.0,1113.9955467323664,26.98522189689689,19.886438437259272,25.575859380487582,27.669905197617943,34.470595395968125,41.32415642318362,48.47675947374514,56.15915715510746,48.732285786393135,41.83547883906671,44.98815159567685,34.63395324140546,30.112037447556723,30.98572890337711,31.013760689318534,26.245161818914703,20.736699091320723,21.14125401864124,20.056061714094817,12.176735691440284,12.555964574664664,10.516775533545873,6.192842556584042,6.529953882049832,7.864773612185834,11.194451190433034,10.813356980467498,8.88065907598567,16.38025117246368,19.531262223541237,22.16466390272742,19.275072281706553,24.92086869813942,33.96539412025176,32.67368022477682,30.277470662045804,23.856597740923707,13.730959577265562,14.449064407057497,8.959521245451265,5.345840965823561,5.818788575230496,9.976283855846441,14.40457183887916,24.12159206829274,32.29026489669418,44.093651699673345,42.864077027737665,29.051576405227948,23.90900226914162,32.268191252464234,41.64047348434094,52.44547638830453,26.129405817840194,43.89425321184795,49.10006843793795,35.15425534148374,28.006616173493352,18.203855470677727,21.269685601382843,17.42888907857353,15.003808547574824,17.321151794693456,14.383432833381086,21.71921661626947,19.264799024276446,26.718013420963654,21.481519839787072,18.690867689137285,25.23620202444604
19.26424222364726,33.219919784757515,65.68905162523637,65.3464942427448,52.846235057781875,49.04045080994088,29.756317474935642,33.25824056392042,10.049384763221038,8.673488221540271,8.645184026677866,8.661566308787778,11.220684316669775,10.894562193283829,62.92224574587073,1113.9955467323664,0.0,886.5855096678276,52.4873137034414,48.82710769721721,52.73025359507173,71.87957237785062,96.2196800831765,108.21293289893727,100.48199826257587,87.95638889523806,64.62200293057677,57.25748571951182,39.34836486814046,36.653412489754594,40.18760552225707,37.30859109676686,32.20552213181141,24.104790350765313,22.54237323121658,19.693710044244252,12.105175782393808,12.03306206391956,8.647199034650813,6.909637668112875,8.657023320548479,11.106810776653894,12.510879252730854,14.358355197419773,11.710757607029944,23.088363628378833,24.796321442348013,26.921232970204077,25.209027573878508,26.04647696492576,26.24594817618671,23.85993087335698,17.953609101067336,15.191601422280824,8.506700880783733,9.126523444022132,6.0993544281660865,4.120381325984495,4.495813654219141,6.936211474386835,9.077516714466663,14.678179364422682,23.108339888155264,33.2956720909097,38.56749691858818,33.8760338556824,32.48517371514864,38.86166535961761,51.86878853833835,60.826091833146826,28.83660189795779,41.32585822780139,41.07981072431481,26.991211128824386,18.72768938572375,12.689701337138734,16.002597075554753,13.235667525463892,11.290724231352442,14.78675299015194,10.332760095280538,14.706126963193928,10.773708121588172,18.332682766509556,13.886065413131261,16.15030634265522,18.3731356409435
18.01212836783605,33.660745398110684,62.62684149624753,57.1342832176488,43.22506163101792,38.341794786645934,22.08101026063937,32.656890482124304,20.78271116879094,18.06185055631344,29.806571713010214,31.639805477745227,13.51625449032915,9.729721730795626,30.6002416139387,26.98522189689689,886.5855096678276,0.0,717.4388443463835,107.25353079917194,71.07764368681916,89.30997067317732,81.78527317646436,96.93515922049866,88.91779263527317,80.01469161819733,55.98006563870677,49.44337363009644,36.11607090549165,35.21618266917797,37.09445236259981,29.240204599336543,30.80681347896375,30.91584065326697,24.91702697497823,19.961625378822156,18.03768083337197,24.742224566357734,16.86876820498463,11.07334953551134,16.642305655828064,17.652116490205643,18.13304298412653,24.276628025787634,16.2210273539633,30.478710435757684,27.096830615210887,27.951184442097343,37.778323427786674,40.615902320973554,57.741668058241885,48.71868390325306,49.99290001577989,38.62460758738453,21.77501880780168,23.52130794810317,16.024229341474086,9.428082138777881,10.900219288447206,20.281958169314787,27.846742188439944,45.29870048648661,56.10134172954171,56.707398440446624,56.68848437318467,38.21843314050025,33.861710972115816,37.67391150378421,45.729896981129905,55.04998165823262,26.86166975118267,45.38296949666818,49.154345001665206,36.055468625765364,28.810962855944886,14.988193761920382,35.75569967393408,29.031463427493787,23.042000542775074,21.728429483731908,18.079880597761118,28.317045469867747,25.124605829294715,33.49036056258704,28.93184118614682,31.899491421737224,37.43697849393449
22.75476598171153,37.95113740871588,94.90041243725929,145.37600278964007,97.79962180265488,141.20143730666797,73.78525491867578,51.689992090029655,46.02660405783386,20.733270140117064,33.016829890495934,29.201904683142878,10.807269598476223,9.097175472150024,29.762804724399203,19.886438437259272,52.4873137034414,717.4388443463835,0.0,820.7184726928034,61.08725285382315,104.05287446718978,89.11062834039723,105.7254656724866,94.85496058436243,59.436375226994066,43.6877352512759,38.26219917317196,26.977433988616355,24.280204919839633,24.585227031395824,20.221993892043134,19.671614131214472,21.936597090386776,15.769811839109215,12.008985297124815,15.877087199527036,21.717235033693722,13.405372576847514,11.576323450676787,19.07461963299455,22.536113220884875,18.97298058564207,28.41813011830464,18.336448185391806,29.306073766496052,20.179504579742368,19.143122330825722,30.275669169938286,32.49759088511921,47.685595809428,45.4446814906446,69.92781447818822,110.18150709743783,65.31749700975298,68.97910715919387,35.55550998492814,15.466626625697389,19.210268653763894,47.14111357486912,70.97029494690304,103.62843383467491,69.74426327170376,55.025543821416626,49.84682074359135,32.33380502183637,26.550704303831644,32.86547944075283,39.72144545711621,51.672936259294886,26.001578732617038,49.76757600320192,54.32276942484271,38.37851568480781,35.15665707386633,14.794472551598352,62.03756388199346,80.93645410397194,69.49772413155092,63.971107401776074,71.62651749495069,77.37543036925346,47.39060601375564,28.678056573234294,26.367832720414118,26.425124884983767,31.779424642422075
17.33130311834308,34.43337474155798,107.20951381187766,153.73659038692531,78.55440060830588,113.48854719238373,37.22007718991391,49.40189057644813,83.08717735423592,43.02727284395817,69.51099500349437,47.875053899446485,14.262655732915965,12.109504601268684,33.526446566198196,25.575859380487582,48.82710769721721,107.25353079917194,820.7184726928034,0.0,845.0103259253385,252.6707957576558,171.59040948819572,223.5481196211055,119.5442380569659,113.45878457833264,80.48526212108855,60.74390224008384,37.46730815514427,38.7842705379266,36.15357701036916,31.148745720777708,33.88237438627237,38.791307182830565,23.248947636646648,20.465152402198946,25.297507749770304,21.24509943763745,11.658359960225429,13.487574169608905,19.174392457954653,26.01711218973117,18.723830630653893,28.878164199934695,25.936197012553873,39.71509316338591,32.14470395725332,25.803593138851536,46.780040600678355,49.57272837602721,59.18445118923811,54.99778519040913,87.64024637857754,144.70103922567546,86.8126799616068,76.18369823319343,45.836313581157064,20.53242315106964,28.468635358540897,70.90388826218862,106.67977944067611,121.84914651765685,96.01731226171266,73.52245207444649,72.54657337188866,47.30223040809848,31.832523268817813,40.26661772317627,40.918890164835105,49.845075200067484,22.930342817073576,38.55270427145196,54.935572353446446,33.20356153055136,29.623634904152656,10.84521630160985,35.692585534787874,78.88227668215514,61.995589999420325,56.940417632254224,67.31614185549746,93.09625555493376,61.5027081117402,37.71929548606193,41.519590494774185,44.16454759953992,48.6406326938419
22.840626189549933,27.753000152119604,75.35728116149593,222.87817667923056,101.58310573650319,149.7248620872531,49.38489856160851,56.34486459537331,69.57766242886584,38.12096837149606,53.81529709857046,32.891428642155056,12.511051753126921,10.89330237314738,36.0882093994993,27.669905197617943,52.73025359507173,71.07764368681916,61.08725285382315,845.0103259253385,0.0,761.5264211904852,132.10843468046846,175.48096358486973,146.41635990341408,77.85319940737412,61.78371670422476,52.47298779560387,33.06191414576898,39.28437608403104,30.880211283431162,26.63787243448101,39.46770381038006,43.32344556748205,24.908074508467482,25.248340131881374,34.04736243650956,17.91314475693098,10.778151784254582,16.573766729712933,19.447362924156877,31.95945580292789,16.030757087724552,24.429766648954594,34.274562872329064,41.032637908584064,36.766408856218774,23.67887624906243,51.02941148944962,55.789002266976276,47.848785728585625,47.48487288182637,63.12619884600954,80.66260642334021,74.65271311013043,79.2828377226434,51.96480660851117,24.697360291878773,32.52568145231271,71.15215927532829,73.00159767933982,87.08646323702693,81.93404901334667,63.8819070375769,58.75517185231771,43.395339596706634,30.71481563890509,48.64360356115034,48.60566630710706,49.929304096005595,14.85370582062493,27.452885514141496,47.66946131159202,28.08039245924653,29.226399102989173,10.804751724561514,35.675158961302984,75.55218698351783,75.98894051528457,58.91445501750967,63.89887604067625,68.88666400560618,54.15833244490136,38.20477394217789,44.719753698335104,46.05681273077275,39.29888934466883
16.88105495439943,18.835215565880365,38.254819748744715,162.23432178141073,61.0268811334383,94.17324762489717,95.12353918937366,78.69999733782218,106.01695351183204,47.53154516706819,71.50782079050855,36.44162548119889,14.971070479308796,13.2267136465373,41.40621169024669,34.470595395968125,71.87957237785062,89.30997067317732,104.05287446718978,252.6707957576558,761.5264211904852,0.0,822.586847957116,116.21549183553331,172.8077736869798,69.98089932342928,69.5107549529064,66.06960509068952,47.97631113453629,54.50376965846252,34.29043830281809,35.802972548818005,47.67528819208111,43.727653215536215,28.785237642624292,29.58801583772071,38.668386869680276,17.18087701981021,13.399709232746346,21.206559549320847,19.663239549796547,34.26125246934421,15.257064157754463,19.441208504168312,36.44261006747783,37.46322418778773,40.7177020265614,22.38656582446603,53.902754224123406,62.46769422292783,51.98487271978987,50.08906243573361,59.66849130665499,61.71481252734282,74.27440473343427,57.84703919962425,50.979617226618615,32.39993820367399,43.096290062732955,73.47596474544605,69.76185020778324,61.0668563904861,77.83419893065435,58.04525504379625,61.57897903394784,53.53973310798642,45.752748400665396,93.1189303355044,79.58039958833369,45.88315854652733,9.950612155309308,16.166001523012167,30.590542987963747,17.811135024528706,17.9242452491101,7.94630971832882,18.872075309670876,49.20571499494339,55.3108023546714,44.801954595379094,67.9671170180682,60.03064147697516,62.21415131705779,44.519144309560716,55.58614930434019,57.81185505097296,39.12042382028885
23.918649235602214,29.768207874675642,17.383040465218777,108.79440981065102,80.89947073768886,67.33745642985735,90.76575076301809,62.224419934353016,80.98540550766235,45.22615028662453,67.08868062217023,33.20660653152863,15.8679397028724,14.795998495533055,49.603416183423796,41.32415642318362,96.2196800831765,81.78527317646436,89.11062834039723,171.59040948819572,132.10843468046846,822.586847957116,0.0,1032.0478847069094,206.14202235558355,122.94254546353824,79.38123302436847,92.50201942470109,60.69104749141059,90.62312141689989,35.73481455854973,44.10170499767681,59.13036911067876,46.307779633031664,22.67462546232447,25.098933731263386,37.57752022309266,17.167713513150215,14.949780713815995,22.638733300670218,20.44659962094622,33.0386041105869,11.94044931038364,15.218513714236966,32.63344551824369,39.02873636995505,47.75653717673214,20.765085326693583,58.055625266314856,68.54282890189907,45.86698513174085,44.93909844022793,40.58103039975255,38.138821760374896,50.13301353099705,34.006040953342335,38.77938650680532,35.58016957854527,45.828757678194975,56.318804701720836,51.47919767215475,37.25900096017064,53.67438278924715,40.72219601535702,45.487926437745735,45.304520119748894,48.79808444735934,89.61960471177494,63.66216560629922,20.962645441286657,5.187556472567496,10.269221551937262,17.5197334494887,10.556702926403617,11.792646659231034,6.741725466880283,14.86714305903051,29.224666874761937,39.92596366511939,34.27114514820355,52.38428116852708,38.5803837856792,45.02876381159222,41.90234215756655,56.200086003115786,62.78943397205675,34.73728105403484
5.7888859816069065,13.532080796466468,5.802023444168113,67.52333965689171,123.53971762846419,98.55191288439816,135.41597823811935,84.80650892844417,98.82032204165368,54.15541684869459,77.55334845899033,34.39070924462085,17.53517653246605,16.54767099656907,56.52817317698364,48.47675947374514,108.21293289893727,96.93515922049866,105.7254656724866,223.5481196211055,175.48096358486973,116.21549183553331,1032.0478847069094,0.0,696.3130836189005,133.13302006607185,88.17903871443723,138.4919438304195,74.22403408642857,88.60708678964016,32.76856583568033,45.671480794132016,65.58389227104605,42.61956380491746,27.72546837912163,33.66872897346827,44.674228660611064,19.721565905313632,19.345507315813677,28.794662227040202,22.54397293830326,35.907063210622134,12.871619901083465,13.706864414578716,31.340284360568653,31.682477526137227,45.3356103145946,19.745564388447985,50.20605963801103,71.90854109162643,51.62980719645859,57.99205532052218,46.37669886788463,44.52820331249,56.235432816566345,32.57965112364566,37.91774509114281,40.97513918396831,54.882143937028346,59.07928267125687,59.10248348326986,41.03136136428351,61.06364984871816,48.22547268208579,53.87080993580607,44.08945461084559,55.239133974857594,102.22164806170241,66.09331625336321,28.796369615616406,6.734158917135783,10.001010519933063,22.57489288568622,15.562149310078361,14.896966165947674,7.7547960756486285,14.295840986058371,30.725684538938214,43.141593168017025,41.74716172112097,68.7015165605804,49.4714455661451,54.56836466431347,57.54707981921709,72.92737599356987,74.72334138796968,38.10606522562048
2.428594535814785,5.527884759422216,5.917841208241496,32.108501978949676,57.0220343748169,45.350940869386484,64.40266379247792,72.55629379176476,78.89239344160139,56.23686620205754,75.59856616192292,36.53366509456986,19.68528430754439,19.63603312697097,70.51376444277649,56.15915715510746,100.48199826257587,88.91779263527317,94.85496058436243,119.5442380569659,146.41635990341408,172.8077736869798,206.14202235558355,696.3130836189005,0.0,861.7621869390476,130.84694514320634,63.77153880515022,45.53898976923262,72.31561377065897,37.76457477120007,44.9916174339705,69.30418191957841,54.483610702829175,36.88419722552067,37.61948570711513,57.47101075779051,26.474752585139402,25.151537768027254,36.5885202873795,29.23573343718395,45.71648989158472,13.996066967732512,14.164548515467672,32.55233132018221,35.301292592951505,45.04604380312047,17.331705881275347,38.01415699881996,50.37587033703197,41.30610369126221,44.755631779588285,44.51638073864043,44.426652157195896,55.85945229337453,31.91279594399032,37.817289787433864,45.10753893598706,59.25862710035813,49.847034238806934,53.85385557805982,36.824251689563326,53.181515259103584,44.630833507616835,58.91087327731723,32.52055155325726,39.11039803862547,42.81654235957574,37.01644924411331,72.7352484890838,20.430946230288992,11.724852607403585,35.79477116475216,33.27369786237406,24.92262918557689,10.048242519424237,17.1262350469128,38.95148978689422,32.663783294563714,27.243598281850034,40.68992382077186,45.86643433754793,49.990134918762294,59.72087040664067,63.55517766119255,58.289931917169945,31.751746133823726
